CHORD      note  ma mi au di s2 s4 b5 ~6 ~7 ~9 11 +M7 +9
Cmaj      (0.08, 1, 0, 0, 0, 0, 0, 0, 0, 0, 0, 0, 0, 0)
Cmin      (0.08, 0, 1, 0, 0, 0, 0, 0, 0, 0, 0, 0, 0, 0)
Caug      (0.08, 0, 0, 1, 0, 0, 0, 0, 0, 0, 0, 0, 0, 0)
Cdim      (0.08, 0, 0, 0, 1, 0, 0, 0, 0, 0, 0, 0, 0, 0)
Csus2     (0.08, 0, 0, 0, 0, 1, 0, 0, 0, 0, 0, 0, 0, 0)
Csus4     (0.08, 0, 0, 0, 0, 0, 1, 0, 0, 0, 0, 0, 0, 0)
CM7       (0.08, 1, 0, 0, 0, 0, 0, 0, 0, 1, 0, 0, 0, 0)
Cm7       (0.08, 0, 1, 0, 0, 0, 0, 0, 0, 1, 0, 0, 0, 0)
C7        (0.08, 0, 0, 0, 0, 0, 0, 0, 0, 1, 0, 0, 0, 0)
Caug7     (0.08, 0, 0, 1, 0, 0, 0, 0, 0, 1, 0, 0, 0, 0)
Cdim7     (0.08, 0, 0, 0, 1, 0, 0, 0, 0, 1, 0, 0, 0, 0)
Co7       (0.08, 0, 1, 0, 0, 0, 0, 1, 0, 1, 0, 0, 0, 0)
CM7sus2   (0.08, 1, 0, 0, 0, 1, 0, 0, 0, 1, 0, 0, 0, 0)
CM7sus4   (0.08, 1, 0, 0, 0, 0, 1, 0, 0, 1, 0, 0, 0, 0)
C7sus2    (0.08, 0, 0, 0, 0, 1, 0, 0, 0, 1, 0, 0, 0, 0)
C7sus4    (0.08, 0, 0, 0, 0, 0, 1, 0, 0, 1, 0, 0, 0, 0)
CM9       (0.08, 1, 0, 0, 0, 0, 0, 0, 0, 0, 1, 0, 0, 0)
Cm9       (0.08, 0, 1, 0, 0, 0, 0, 0, 0, 0, 1, 0, 0, 0)
C9        (0.08, 0, 0, 0, 0, 0, 0, 0, 0, 0, 1, 0, 0, 0)
Caug9     (0.08, 0, 0, 1, 0, 0, 0, 0, 0, 0, 1, 0, 0, 0)
Cdim9     (0.08, 0, 0, 0, 1, 0, 0, 0, 0, 0, 1, 0, 0, 0)
CM9sus2   (0.08, 1, 0, 0, 0, 1, 0, 0, 0, 0, 1, 0, 0, 0)
CM9sus4   (0.08, 1, 0, 0, 0, 0, 1, 0, 0, 0, 1, 0, 0, 0)
C9sus2    (0.08, 0, 0, 0, 0, 1, 0, 0, 0, 0, 1, 0, 0, 0)
C9sus4    (0.08, 0, 0, 0, 0, 0, 1, 0, 0, 0, 1, 0, 0, 0)
CM11      (0.08, 1, 0, 0, 0, 0, 0, 0, 0, 0, 0, 1, 0, 0)
Cm11      (0.08, 0, 1, 0, 0, 0, 0, 0, 0, 0, 0, 1, 0, 0)
C11       (0.08, 0, 0, 0, 0, 0, 0, 0, 0, 0, 0, 1, 0, 0)
Caug11    (0.08, 0, 0, 1, 0, 0, 0, 0, 0, 0, 0, 1, 0, 0)
CM11sus2  (0.08, 1, 0, 0, 0, 1, 0, 0, 0, 0, 0, 1, 0, 0)
C11sus2   (0.08, 0, 0, 0, 0, 1, 0, 0, 0, 0, 0, 1, 0, 0)
CmM7      (0.08, 0, 1, 0, 0, 0, 0, 0, 0, 0, 0, 0, 1, 0)
CmM7(9)   (0.08, 0, 1, 0, 0, 0, 0, 0, 0, 0, 0, 0, 1, 1)
CM6       (0.08, 1, 0, 0, 0, 0, 0, 0, 1, 0, 0, 0, 0, 0)
Cm6       (0.08, 0, 1, 0, 0, 0, 0, 0, 1, 0, 0, 0, 0, 0)
CM6(9)    (0.08, 1, 0, 0, 0, 0, 0, 0, 1, 0, 0, 0, 0, 1)
Cm6(9)    (0.08, 0, 1, 0, 0, 0, 0, 0, 1, 0, 0, 0, 0, 1)
C#maj     (0.16, 1, 0, 0, 0, 0, 0, 0, 0, 0, 0, 0, 0, 0)
C#min     (0.16, 0, 1, 0, 0, 0, 0, 0, 0, 0, 0, 0, 0, 0)
C#aug     (0.16, 0, 0, 1, 0, 0, 0, 0, 0, 0, 0, 0, 0, 0)
C#dim     (0.16, 0, 0, 0, 1, 0, 0, 0, 0, 0, 0, 0, 0, 0)
C#sus2    (0.16, 0, 0, 0, 0, 1, 0, 0, 0, 0, 0, 0, 0, 0)
C#sus4    (0.16, 0, 0, 0, 0, 0, 1, 0, 0, 0, 0, 0, 0, 0)
C#M7      (0.16, 1, 0, 0, 0, 0, 0, 0, 0, 1, 0, 0, 0, 0)
C#m7      (0.16, 0, 1, 0, 0, 0, 0, 0, 0, 1, 0, 0, 0, 0)
C#7       (0.16, 0, 0, 0, 0, 0, 0, 0, 0, 1, 0, 0, 0, 0)
C#aug7    (0.16, 0, 0, 1, 0, 0, 0, 0, 0, 1, 0, 0, 0, 0)
C#dim7    (0.16, 0, 0, 0, 1, 0, 0, 0, 0, 1, 0, 0, 0, 0)
C#o7      (0.16, 0, 1, 0, 0, 0, 0, 1, 0, 1, 0, 0, 0, 0)
C#M7sus2  (0.16, 1, 0, 0, 0, 1, 0, 0, 0, 1, 0, 0, 0, 0)
C#M7sus4  (0.16, 1, 0, 0, 0, 0, 1, 0, 0, 1, 0, 0, 0, 0)
C#7sus2   (0.16, 0, 0, 0, 0, 1, 0, 0, 0, 1, 0, 0, 0, 0)
C#7sus4   (0.16, 0, 0, 0, 0, 0, 1, 0, 0, 1, 0, 0, 0, 0)
C#M9      (0.16, 1, 0, 0, 0, 0, 0, 0, 0, 0, 1, 0, 0, 0)
C#m9      (0.16, 0, 1, 0, 0, 0, 0, 0, 0, 0, 1, 0, 0, 0)
C#9       (0.16, 0, 0, 0, 0, 0, 0, 0, 0, 0, 1, 0, 0, 0)
C#aug9    (0.16, 0, 0, 1, 0, 0, 0, 0, 0, 0, 1, 0, 0, 0)
C#dim9    (0.16, 0, 0, 0, 1, 0, 0, 0, 0, 0, 1, 0, 0, 0)
C#M9sus2  (0.16, 1, 0, 0, 0, 1, 0, 0, 0, 0, 1, 0, 0, 0)
C#M9sus4  (0.16, 1, 0, 0, 0, 0, 1, 0, 0, 0, 1, 0, 0, 0)
C#9sus2   (0.16, 0, 0, 0, 0, 1, 0, 0, 0, 0, 1, 0, 0, 0)
C#9sus4   (0.16, 0, 0, 0, 0, 0, 1, 0, 0, 0, 1, 0, 0, 0)
C#M11     (0.16, 1, 0, 0, 0, 0, 0, 0, 0, 0, 0, 1, 0, 0)
C#m11     (0.16, 0, 1, 0, 0, 0, 0, 0, 0, 0, 0, 1, 0, 0)
C#11      (0.16, 0, 0, 0, 0, 0, 0, 0, 0, 0, 0, 1, 0, 0)
C#aug11   (0.16, 0, 0, 1, 0, 0, 0, 0, 0, 0, 0, 1, 0, 0)
C#M11sus2 (0.16, 1, 0, 0, 0, 1, 0, 0, 0, 0, 0, 1, 0, 0)
C#11sus2  (0.16, 0, 0, 0, 0, 1, 0, 0, 0, 0, 0, 1, 0, 0)
C#mM7     (0.16, 0, 1, 0, 0, 0, 0, 0, 0, 0, 0, 0, 1, 0)
C#mM7(9)  (0.16, 0, 1, 0, 0, 0, 0, 0, 0, 0, 0, 0, 1, 1)
C#M6      (0.16, 1, 0, 0, 0, 0, 0, 0, 1, 0, 0, 0, 0, 0)
C#m6      (0.16, 0, 1, 0, 0, 0, 0, 0, 1, 0, 0, 0, 0, 0)
C#M6(9)   (0.16, 1, 0, 0, 0, 0, 0, 0, 1, 0, 0, 0, 0, 1)
C#m6(9)   (0.16, 0, 1, 0, 0, 0, 0, 0, 1, 0, 0, 0, 0, 1)
Dmaj      (0.24, 1, 0, 0, 0, 0, 0, 0, 0, 0, 0, 0, 0, 0)
Dmin      (0.24, 0, 1, 0, 0, 0, 0, 0, 0, 0, 0, 0, 0, 0)
Daug      (0.24, 0, 0, 1, 0, 0, 0, 0, 0, 0, 0, 0, 0, 0)
Ddim      (0.24, 0, 0, 0, 1, 0, 0, 0, 0, 0, 0, 0, 0, 0)
Dsus2     (0.24, 0, 0, 0, 0, 1, 0, 0, 0, 0, 0, 0, 0, 0)
Dsus4     (0.24, 0, 0, 0, 0, 0, 1, 0, 0, 0, 0, 0, 0, 0)
DM7       (0.24, 1, 0, 0, 0, 0, 0, 0, 0, 1, 0, 0, 0, 0)
Dm7       (0.24, 0, 1, 0, 0, 0, 0, 0, 0, 1, 0, 0, 0, 0)
D7        (0.24, 0, 0, 0, 0, 0, 0, 0, 0, 1, 0, 0, 0, 0)
Daug7     (0.24, 0, 0, 1, 0, 0, 0, 0, 0, 1, 0, 0, 0, 0)
Ddim7     (0.24, 0, 0, 0, 1, 0, 0, 0, 0, 1, 0, 0, 0, 0)
Do7       (0.24, 0, 1, 0, 0, 0, 0, 1, 0, 1, 0, 0, 0, 0)
DM7sus2   (0.24, 1, 0, 0, 0, 1, 0, 0, 0, 1, 0, 0, 0, 0)
DM7sus4   (0.24, 1, 0, 0, 0, 0, 1, 0, 0, 1, 0, 0, 0, 0)
D7sus2    (0.24, 0, 0, 0, 0, 1, 0, 0, 0, 1, 0, 0, 0, 0)
D7sus4    (0.24, 0, 0, 0, 0, 0, 1, 0, 0, 1, 0, 0, 0, 0)
DM9       (0.24, 1, 0, 0, 0, 0, 0, 0, 0, 0, 1, 0, 0, 0)
Dm9       (0.24, 0, 1, 0, 0, 0, 0, 0, 0, 0, 1, 0, 0, 0)
D9        (0.24, 0, 0, 0, 0, 0, 0, 0, 0, 0, 1, 0, 0, 0)
Daug9     (0.24, 0, 0, 1, 0, 0, 0, 0, 0, 0, 1, 0, 0, 0)
Ddim9     (0.24, 0, 0, 0, 1, 0, 0, 0, 0, 0, 1, 0, 0, 0)
DM9sus2   (0.24, 1, 0, 0, 0, 1, 0, 0, 0, 0, 1, 0, 0, 0)
DM9sus4   (0.24, 1, 0, 0, 0, 0, 1, 0, 0, 0, 1, 0, 0, 0)
D9sus2    (0.24, 0, 0, 0, 0, 1, 0, 0, 0, 0, 1, 0, 0, 0)
D9sus4    (0.24, 0, 0, 0, 0, 0, 1, 0, 0, 0, 1, 0, 0, 0)
DM11      (0.24, 1, 0, 0, 0, 0, 0, 0, 0, 0, 0, 1, 0, 0)
Dm11      (0.24, 0, 1, 0, 0, 0, 0, 0, 0, 0, 0, 1, 0, 0)
D11       (0.24, 0, 0, 0, 0, 0, 0, 0, 0, 0, 0, 1, 0, 0)
Daug11    (0.24, 0, 0, 1, 0, 0, 0, 0, 0, 0, 0, 1, 0, 0)
DM11sus2  (0.24, 1, 0, 0, 0, 1, 0, 0, 0, 0, 0, 1, 0, 0)
D11sus2   (0.24, 0, 0, 0, 0, 1, 0, 0, 0, 0, 0, 1, 0, 0)
DmM7      (0.24, 0, 1, 0, 0, 0, 0, 0, 0, 0, 0, 0, 1, 0)
DmM7(9)   (0.24, 0, 1, 0, 0, 0, 0, 0, 0, 0, 0, 0, 1, 1)
DM6       (0.24, 1, 0, 0, 0, 0, 0, 0, 1, 0, 0, 0, 0, 0)
Dm6       (0.24, 0, 1, 0, 0, 0, 0, 0, 1, 0, 0, 0, 0, 0)
DM6(9)    (0.24, 1, 0, 0, 0, 0, 0, 0, 1, 0, 0, 0, 0, 1)
Dm6(9)    (0.24, 0, 1, 0, 0, 0, 0, 0, 1, 0, 0, 0, 0, 1)
D#maj     (0.32, 1, 0, 0, 0, 0, 0, 0, 0, 0, 0, 0, 0, 0)
D#min     (0.32, 0, 1, 0, 0, 0, 0, 0, 0, 0, 0, 0, 0, 0)
D#aug     (0.32, 0, 0, 1, 0, 0, 0, 0, 0, 0, 0, 0, 0, 0)
D#dim     (0.32, 0, 0, 0, 1, 0, 0, 0, 0, 0, 0, 0, 0, 0)
D#sus2    (0.32, 0, 0, 0, 0, 1, 0, 0, 0, 0, 0, 0, 0, 0)
D#sus4    (0.32, 0, 0, 0, 0, 0, 1, 0, 0, 0, 0, 0, 0, 0)
D#M7      (0.32, 1, 0, 0, 0, 0, 0, 0, 0, 1, 0, 0, 0, 0)
D#m7      (0.32, 0, 1, 0, 0, 0, 0, 0, 0, 1, 0, 0, 0, 0)
D#7       (0.32, 0, 0, 0, 0, 0, 0, 0, 0, 1, 0, 0, 0, 0)
D#aug7    (0.32, 0, 0, 1, 0, 0, 0, 0, 0, 1, 0, 0, 0, 0)
D#dim7    (0.32, 0, 0, 0, 1, 0, 0, 0, 0, 1, 0, 0, 0, 0)
D#o7      (0.32, 0, 1, 0, 0, 0, 0, 1, 0, 1, 0, 0, 0, 0)
D#M7sus2  (0.32, 1, 0, 0, 0, 1, 0, 0, 0, 1, 0, 0, 0, 0)
D#M7sus4  (0.32, 1, 0, 0, 0, 0, 1, 0, 0, 1, 0, 0, 0, 0)
D#7sus2   (0.32, 0, 0, 0, 0, 1, 0, 0, 0, 1, 0, 0, 0, 0)
D#7sus4   (0.32, 0, 0, 0, 0, 0, 1, 0, 0, 1, 0, 0, 0, 0)
D#M9      (0.32, 1, 0, 0, 0, 0, 0, 0, 0, 0, 1, 0, 0, 0)
D#m9      (0.32, 0, 1, 0, 0, 0, 0, 0, 0, 0, 1, 0, 0, 0)
D#9       (0.32, 0, 0, 0, 0, 0, 0, 0, 0, 0, 1, 0, 0, 0)
D#aug9    (0.32, 0, 0, 1, 0, 0, 0, 0, 0, 0, 1, 0, 0, 0)
D#dim9    (0.32, 0, 0, 0, 1, 0, 0, 0, 0, 0, 1, 0, 0, 0)
D#M9sus2  (0.32, 1, 0, 0, 0, 1, 0, 0, 0, 0, 1, 0, 0, 0)
D#M9sus4  (0.32, 1, 0, 0, 0, 0, 1, 0, 0, 0, 1, 0, 0, 0)
D#9sus2   (0.32, 0, 0, 0, 0, 1, 0, 0, 0, 0, 1, 0, 0, 0)
D#9sus4   (0.32, 0, 0, 0, 0, 0, 1, 0, 0, 0, 1, 0, 0, 0)
D#M11     (0.32, 1, 0, 0, 0, 0, 0, 0, 0, 0, 0, 1, 0, 0)
D#m11     (0.32, 0, 1, 0, 0, 0, 0, 0, 0, 0, 0, 1, 0, 0)
D#11      (0.32, 0, 0, 0, 0, 0, 0, 0, 0, 0, 0, 1, 0, 0)
D#aug11   (0.32, 0, 0, 1, 0, 0, 0, 0, 0, 0, 0, 1, 0, 0)
D#M11sus2 (0.32, 1, 0, 0, 0, 1, 0, 0, 0, 0, 0, 1, 0, 0)
D#11sus2  (0.32, 0, 0, 0, 0, 1, 0, 0, 0, 0, 0, 1, 0, 0)
D#mM7     (0.32, 0, 1, 0, 0, 0, 0, 0, 0, 0, 0, 0, 1, 0)
D#mM7(9)  (0.32, 0, 1, 0, 0, 0, 0, 0, 0, 0, 0, 0, 1, 1)
D#M6      (0.32, 1, 0, 0, 0, 0, 0, 0, 1, 0, 0, 0, 0, 0)
D#m6      (0.32, 0, 1, 0, 0, 0, 0, 0, 1, 0, 0, 0, 0, 0)
D#M6(9)   (0.32, 1, 0, 0, 0, 0, 0, 0, 1, 0, 0, 0, 0, 1)
D#m6(9)   (0.32, 0, 1, 0, 0, 0, 0, 0, 1, 0, 0, 0, 0, 1)
Emaj      (0.4, 1, 0, 0, 0, 0, 0, 0, 0, 0, 0, 0, 0, 0)
Emin      (0.4, 0, 1, 0, 0, 0, 0, 0, 0, 0, 0, 0, 0, 0)
Eaug      (0.4, 0, 0, 1, 0, 0, 0, 0, 0, 0, 0, 0, 0, 0)
Edim      (0.4, 0, 0, 0, 1, 0, 0, 0, 0, 0, 0, 0, 0, 0)
Esus2     (0.4, 0, 0, 0, 0, 1, 0, 0, 0, 0, 0, 0, 0, 0)
Esus4     (0.4, 0, 0, 0, 0, 0, 1, 0, 0, 0, 0, 0, 0, 0)
EM7       (0.4, 1, 0, 0, 0, 0, 0, 0, 0, 1, 0, 0, 0, 0)
Em7       (0.4, 0, 1, 0, 0, 0, 0, 0, 0, 1, 0, 0, 0, 0)
E7        (0.4, 0, 0, 0, 0, 0, 0, 0, 0, 1, 0, 0, 0, 0)
Eaug7     (0.4, 0, 0, 1, 0, 0, 0, 0, 0, 1, 0, 0, 0, 0)
Edim7     (0.4, 0, 0, 0, 1, 0, 0, 0, 0, 1, 0, 0, 0, 0)
Eo7       (0.4, 0, 1, 0, 0, 0, 0, 1, 0, 1, 0, 0, 0, 0)
EM7sus2   (0.4, 1, 0, 0, 0, 1, 0, 0, 0, 1, 0, 0, 0, 0)
EM7sus4   (0.4, 1, 0, 0, 0, 0, 1, 0, 0, 1, 0, 0, 0, 0)
E7sus2    (0.4, 0, 0, 0, 0, 1, 0, 0, 0, 1, 0, 0, 0, 0)
E7sus4    (0.4, 0, 0, 0, 0, 0, 1, 0, 0, 1, 0, 0, 0, 0)
EM9       (0.4, 1, 0, 0, 0, 0, 0, 0, 0, 0, 1, 0, 0, 0)
Em9       (0.4, 0, 1, 0, 0, 0, 0, 0, 0, 0, 1, 0, 0, 0)
E9        (0.4, 0, 0, 0, 0, 0, 0, 0, 0, 0, 1, 0, 0, 0)
Eaug9     (0.4, 0, 0, 1, 0, 0, 0, 0, 0, 0, 1, 0, 0, 0)
Edim9     (0.4, 0, 0, 0, 1, 0, 0, 0, 0, 0, 1, 0, 0, 0)
EM9sus2   (0.4, 1, 0, 0, 0, 1, 0, 0, 0, 0, 1, 0, 0, 0)
EM9sus4   (0.4, 1, 0, 0, 0, 0, 1, 0, 0, 0, 1, 0, 0, 0)
E9sus2    (0.4, 0, 0, 0, 0, 1, 0, 0, 0, 0, 1, 0, 0, 0)
E9sus4    (0.4, 0, 0, 0, 0, 0, 1, 0, 0, 0, 1, 0, 0, 0)
EM11      (0.4, 1, 0, 0, 0, 0, 0, 0, 0, 0, 0, 1, 0, 0)
Em11      (0.4, 0, 1, 0, 0, 0, 0, 0, 0, 0, 0, 1, 0, 0)
E11       (0.4, 0, 0, 0, 0, 0, 0, 0, 0, 0, 0, 1, 0, 0)
Eaug11    (0.4, 0, 0, 1, 0, 0, 0, 0, 0, 0, 0, 1, 0, 0)
EM11sus2  (0.4, 1, 0, 0, 0, 1, 0, 0, 0, 0, 0, 1, 0, 0)
E11sus2   (0.4, 0, 0, 0, 0, 1, 0, 0, 0, 0, 0, 1, 0, 0)
EmM7      (0.4, 0, 1, 0, 0, 0, 0, 0, 0, 0, 0, 0, 1, 0)
EmM7(9)   (0.4, 0, 1, 0, 0, 0, 0, 0, 0, 0, 0, 0, 1, 1)
EM6       (0.4, 1, 0, 0, 0, 0, 0, 0, 1, 0, 0, 0, 0, 0)
Em6       (0.4, 0, 1, 0, 0, 0, 0, 0, 1, 0, 0, 0, 0, 0)
EM6(9)    (0.4, 1, 0, 0, 0, 0, 0, 0, 1, 0, 0, 0, 0, 1)
Em6(9)    (0.4, 0, 1, 0, 0, 0, 0, 0, 1, 0, 0, 0, 0, 1)
Fmaj      (0.48, 1, 0, 0, 0, 0, 0, 0, 0, 0, 0, 0, 0, 0)
Fmin      (0.48, 0, 1, 0, 0, 0, 0, 0, 0, 0, 0, 0, 0, 0)
Faug      (0.48, 0, 0, 1, 0, 0, 0, 0, 0, 0, 0, 0, 0, 0)
Fdim      (0.48, 0, 0, 0, 1, 0, 0, 0, 0, 0, 0, 0, 0, 0)
Fsus2     (0.48, 0, 0, 0, 0, 1, 0, 0, 0, 0, 0, 0, 0, 0)
Fsus4     (0.48, 0, 0, 0, 0, 0, 1, 0, 0, 0, 0, 0, 0, 0)
FM7       (0.48, 1, 0, 0, 0, 0, 0, 0, 0, 1, 0, 0, 0, 0)
Fm7       (0.48, 0, 1, 0, 0, 0, 0, 0, 0, 1, 0, 0, 0, 0)
F7        (0.48, 0, 0, 0, 0, 0, 0, 0, 0, 1, 0, 0, 0, 0)
Faug7     (0.48, 0, 0, 1, 0, 0, 0, 0, 0, 1, 0, 0, 0, 0)
Fdim7     (0.48, 0, 0, 0, 1, 0, 0, 0, 0, 1, 0, 0, 0, 0)
Fo7       (0.48, 0, 1, 0, 0, 0, 0, 1, 0, 1, 0, 0, 0, 0)
FM7sus2   (0.48, 1, 0, 0, 0, 1, 0, 0, 0, 1, 0, 0, 0, 0)
FM7sus4   (0.48, 1, 0, 0, 0, 0, 1, 0, 0, 1, 0, 0, 0, 0)
F7sus2    (0.48, 0, 0, 0, 0, 1, 0, 0, 0, 1, 0, 0, 0, 0)
F7sus4    (0.48, 0, 0, 0, 0, 0, 1, 0, 0, 1, 0, 0, 0, 0)
FM9       (0.48, 1, 0, 0, 0, 0, 0, 0, 0, 0, 1, 0, 0, 0)
Fm9       (0.48, 0, 1, 0, 0, 0, 0, 0, 0, 0, 1, 0, 0, 0)
F9        (0.48, 0, 0, 0, 0, 0, 0, 0, 0, 0, 1, 0, 0, 0)
Faug9     (0.48, 0, 0, 1, 0, 0, 0, 0, 0, 0, 1, 0, 0, 0)
Fdim9     (0.48, 0, 0, 0, 1, 0, 0, 0, 0, 0, 1, 0, 0, 0)
FM9sus2   (0.48, 1, 0, 0, 0, 1, 0, 0, 0, 0, 1, 0, 0, 0)
FM9sus4   (0.48, 1, 0, 0, 0, 0, 1, 0, 0, 0, 1, 0, 0, 0)
F9sus2    (0.48, 0, 0, 0, 0, 1, 0, 0, 0, 0, 1, 0, 0, 0)
F9sus4    (0.48, 0, 0, 0, 0, 0, 1, 0, 0, 0, 1, 0, 0, 0)
FM11      (0.48, 1, 0, 0, 0, 0, 0, 0, 0, 0, 0, 1, 0, 0)
Fm11      (0.48, 0, 1, 0, 0, 0, 0, 0, 0, 0, 0, 1, 0, 0)
F11       (0.48, 0, 0, 0, 0, 0, 0, 0, 0, 0, 0, 1, 0, 0)
Faug11    (0.48, 0, 0, 1, 0, 0, 0, 0, 0, 0, 0, 1, 0, 0)
FM11sus2  (0.48, 1, 0, 0, 0, 1, 0, 0, 0, 0, 0, 1, 0, 0)
F11sus2   (0.48, 0, 0, 0, 0, 1, 0, 0, 0, 0, 0, 1, 0, 0)
FmM7      (0.48, 0, 1, 0, 0, 0, 0, 0, 0, 0, 0, 0, 1, 0)
FmM7(9)   (0.48, 0, 1, 0, 0, 0, 0, 0, 0, 0, 0, 0, 1, 1)
FM6       (0.48, 1, 0, 0, 0, 0, 0, 0, 1, 0, 0, 0, 0, 0)
Fm6       (0.48, 0, 1, 0, 0, 0, 0, 0, 1, 0, 0, 0, 0, 0)
FM6(9)    (0.48, 1, 0, 0, 0, 0, 0, 0, 1, 0, 0, 0, 0, 1)
Fm6(9)    (0.48, 0, 1, 0, 0, 0, 0, 0, 1, 0, 0, 0, 0, 1)
F#maj     (0.56, 1, 0, 0, 0, 0, 0, 0, 0, 0, 0, 0, 0, 0)
F#min     (0.56, 0, 1, 0, 0, 0, 0, 0, 0, 0, 0, 0, 0, 0)
F#aug     (0.56, 0, 0, 1, 0, 0, 0, 0, 0, 0, 0, 0, 0, 0)
F#dim     (0.56, 0, 0, 0, 1, 0, 0, 0, 0, 0, 0, 0, 0, 0)
F#sus2    (0.56, 0, 0, 0, 0, 1, 0, 0, 0, 0, 0, 0, 0, 0)
F#sus4    (0.56, 0, 0, 0, 0, 0, 1, 0, 0, 0, 0, 0, 0, 0)
F#M7      (0.56, 1, 0, 0, 0, 0, 0, 0, 0, 1, 0, 0, 0, 0)
F#m7      (0.56, 0, 1, 0, 0, 0, 0, 0, 0, 1, 0, 0, 0, 0)
F#7       (0.56, 0, 0, 0, 0, 0, 0, 0, 0, 1, 0, 0, 0, 0)
F#aug7    (0.56, 0, 0, 1, 0, 0, 0, 0, 0, 1, 0, 0, 0, 0)
F#dim7    (0.56, 0, 0, 0, 1, 0, 0, 0, 0, 1, 0, 0, 0, 0)
F#o7      (0.56, 0, 1, 0, 0, 0, 0, 1, 0, 1, 0, 0, 0, 0)
F#M7sus2  (0.56, 1, 0, 0, 0, 1, 0, 0, 0, 1, 0, 0, 0, 0)
F#M7sus4  (0.56, 1, 0, 0, 0, 0, 1, 0, 0, 1, 0, 0, 0, 0)
F#7sus2   (0.56, 0, 0, 0, 0, 1, 0, 0, 0, 1, 0, 0, 0, 0)
F#7sus4   (0.56, 0, 0, 0, 0, 0, 1, 0, 0, 1, 0, 0, 0, 0)
F#M9      (0.56, 1, 0, 0, 0, 0, 0, 0, 0, 0, 1, 0, 0, 0)
F#m9      (0.56, 0, 1, 0, 0, 0, 0, 0, 0, 0, 1, 0, 0, 0)
F#9       (0.56, 0, 0, 0, 0, 0, 0, 0, 0, 0, 1, 0, 0, 0)
F#aug9    (0.56, 0, 0, 1, 0, 0, 0, 0, 0, 0, 1, 0, 0, 0)
F#dim9    (0.56, 0, 0, 0, 1, 0, 0, 0, 0, 0, 1, 0, 0, 0)
F#M9sus2  (0.56, 1, 0, 0, 0, 1, 0, 0, 0, 0, 1, 0, 0, 0)
F#M9sus4  (0.56, 1, 0, 0, 0, 0, 1, 0, 0, 0, 1, 0, 0, 0)
F#9sus2   (0.56, 0, 0, 0, 0, 1, 0, 0, 0, 0, 1, 0, 0, 0)
F#9sus4   (0.56, 0, 0, 0, 0, 0, 1, 0, 0, 0, 1, 0, 0, 0)
F#M11     (0.56, 1, 0, 0, 0, 0, 0, 0, 0, 0, 0, 1, 0, 0)
F#m11     (0.56, 0, 1, 0, 0, 0, 0, 0, 0, 0, 0, 1, 0, 0)
F#11      (0.56, 0, 0, 0, 0, 0, 0, 0, 0, 0, 0, 1, 0, 0)
F#aug11   (0.56, 0, 0, 1, 0, 0, 0, 0, 0, 0, 0, 1, 0, 0)
F#M11sus2 (0.56, 1, 0, 0, 0, 1, 0, 0, 0, 0, 0, 1, 0, 0)
F#11sus2  (0.56, 0, 0, 0, 0, 1, 0, 0, 0, 0, 0, 1, 0, 0)
F#mM7     (0.56, 0, 1, 0, 0, 0, 0, 0, 0, 0, 0, 0, 1, 0)
F#mM7(9)  (0.56, 0, 1, 0, 0, 0, 0, 0, 0, 0, 0, 0, 1, 1)
F#M6      (0.56, 1, 0, 0, 0, 0, 0, 0, 1, 0, 0, 0, 0, 0)
F#m6      (0.56, 0, 1, 0, 0, 0, 0, 0, 1, 0, 0, 0, 0, 0)
F#M6(9)   (0.56, 1, 0, 0, 0, 0, 0, 0, 1, 0, 0, 0, 0, 1)
F#m6(9)   (0.56, 0, 1, 0, 0, 0, 0, 0, 1, 0, 0, 0, 0, 1)
Gmaj      (0.64, 1, 0, 0, 0, 0, 0, 0, 0, 0, 0, 0, 0, 0)
Gmin      (0.64, 0, 1, 0, 0, 0, 0, 0, 0, 0, 0, 0, 0, 0)
Gaug      (0.64, 0, 0, 1, 0, 0, 0, 0, 0, 0, 0, 0, 0, 0)
Gdim      (0.64, 0, 0, 0, 1, 0, 0, 0, 0, 0, 0, 0, 0, 0)
Gsus2     (0.64, 0, 0, 0, 0, 1, 0, 0, 0, 0, 0, 0, 0, 0)
Gsus4     (0.64, 0, 0, 0, 0, 0, 1, 0, 0, 0, 0, 0, 0, 0)
GM7       (0.64, 1, 0, 0, 0, 0, 0, 0, 0, 1, 0, 0, 0, 0)
Gm7       (0.64, 0, 1, 0, 0, 0, 0, 0, 0, 1, 0, 0, 0, 0)
G7        (0.64, 0, 0, 0, 0, 0, 0, 0, 0, 1, 0, 0, 0, 0)
Gaug7     (0.64, 0, 0, 1, 0, 0, 0, 0, 0, 1, 0, 0, 0, 0)
Gdim7     (0.64, 0, 0, 0, 1, 0, 0, 0, 0, 1, 0, 0, 0, 0)
Go7       (0.64, 0, 1, 0, 0, 0, 0, 1, 0, 1, 0, 0, 0, 0)
GM7sus2   (0.64, 1, 0, 0, 0, 1, 0, 0, 0, 1, 0, 0, 0, 0)
GM7sus4   (0.64, 1, 0, 0, 0, 0, 1, 0, 0, 1, 0, 0, 0, 0)
G7sus2    (0.64, 0, 0, 0, 0, 1, 0, 0, 0, 1, 0, 0, 0, 0)
G7sus4    (0.64, 0, 0, 0, 0, 0, 1, 0, 0, 1, 0, 0, 0, 0)
GM9       (0.64, 1, 0, 0, 0, 0, 0, 0, 0, 0, 1, 0, 0, 0)
Gm9       (0.64, 0, 1, 0, 0, 0, 0, 0, 0, 0, 1, 0, 0, 0)
G9        (0.64, 0, 0, 0, 0, 0, 0, 0, 0, 0, 1, 0, 0, 0)
Gaug9     (0.64, 0, 0, 1, 0, 0, 0, 0, 0, 0, 1, 0, 0, 0)
Gdim9     (0.64, 0, 0, 0, 1, 0, 0, 0, 0, 0, 1, 0, 0, 0)
GM9sus2   (0.64, 1, 0, 0, 0, 1, 0, 0, 0, 0, 1, 0, 0, 0)
GM9sus4   (0.64, 1, 0, 0, 0, 0, 1, 0, 0, 0, 1, 0, 0, 0)
G9sus2    (0.64, 0, 0, 0, 0, 1, 0, 0, 0, 0, 1, 0, 0, 0)
G9sus4    (0.64, 0, 0, 0, 0, 0, 1, 0, 0, 0, 1, 0, 0, 0)
GM11      (0.64, 1, 0, 0, 0, 0, 0, 0, 0, 0, 0, 1, 0, 0)
Gm11      (0.64, 0, 1, 0, 0, 0, 0, 0, 0, 0, 0, 1, 0, 0)
G11       (0.64, 0, 0, 0, 0, 0, 0, 0, 0, 0, 0, 1, 0, 0)
Gaug11    (0.64, 0, 0, 1, 0, 0, 0, 0, 0, 0, 0, 1, 0, 0)
GM11sus2  (0.64, 1, 0, 0, 0, 1, 0, 0, 0, 0, 0, 1, 0, 0)
G11sus2   (0.64, 0, 0, 0, 0, 1, 0, 0, 0, 0, 0, 1, 0, 0)
GmM7      (0.64, 0, 1, 0, 0, 0, 0, 0, 0, 0, 0, 0, 1, 0)
GmM7(9)   (0.64, 0, 1, 0, 0, 0, 0, 0, 0, 0, 0, 0, 1, 1)
GM6       (0.64, 1, 0, 0, 0, 0, 0, 0, 1, 0, 0, 0, 0, 0)
Gm6       (0.64, 0, 1, 0, 0, 0, 0, 0, 1, 0, 0, 0, 0, 0)
GM6(9)    (0.64, 1, 0, 0, 0, 0, 0, 0, 1, 0, 0, 0, 0, 1)
Gm6(9)    (0.64, 0, 1, 0, 0, 0, 0, 0, 1, 0, 0, 0, 0, 1)
G#maj     (0.72, 1, 0, 0, 0, 0, 0, 0, 0, 0, 0, 0, 0, 0)
G#min     (0.72, 0, 1, 0, 0, 0, 0, 0, 0, 0, 0, 0, 0, 0)
G#aug     (0.72, 0, 0, 1, 0, 0, 0, 0, 0, 0, 0, 0, 0, 0)
G#dim     (0.72, 0, 0, 0, 1, 0, 0, 0, 0, 0, 0, 0, 0, 0)
G#sus2    (0.72, 0, 0, 0, 0, 1, 0, 0, 0, 0, 0, 0, 0, 0)
G#sus4    (0.72, 0, 0, 0, 0, 0, 1, 0, 0, 0, 0, 0, 0, 0)
G#M7      (0.72, 1, 0, 0, 0, 0, 0, 0, 0, 1, 0, 0, 0, 0)
G#m7      (0.72, 0, 1, 0, 0, 0, 0, 0, 0, 1, 0, 0, 0, 0)
G#7       (0.72, 0, 0, 0, 0, 0, 0, 0, 0, 1, 0, 0, 0, 0)
G#aug7    (0.72, 0, 0, 1, 0, 0, 0, 0, 0, 1, 0, 0, 0, 0)
G#dim7    (0.72, 0, 0, 0, 1, 0, 0, 0, 0, 1, 0, 0, 0, 0)
G#o7      (0.72, 0, 1, 0, 0, 0, 0, 1, 0, 1, 0, 0, 0, 0)
G#M7sus2  (0.72, 1, 0, 0, 0, 1, 0, 0, 0, 1, 0, 0, 0, 0)
G#M7sus4  (0.72, 1, 0, 0, 0, 0, 1, 0, 0, 1, 0, 0, 0, 0)
G#7sus2   (0.72, 0, 0, 0, 0, 1, 0, 0, 0, 1, 0, 0, 0, 0)
G#7sus4   (0.72, 0, 0, 0, 0, 0, 1, 0, 0, 1, 0, 0, 0, 0)
G#M9      (0.72, 1, 0, 0, 0, 0, 0, 0, 0, 0, 1, 0, 0, 0)
G#m9      (0.72, 0, 1, 0, 0, 0, 0, 0, 0, 0, 1, 0, 0, 0)
G#9       (0.72, 0, 0, 0, 0, 0, 0, 0, 0, 0, 1, 0, 0, 0)
G#aug9    (0.72, 0, 0, 1, 0, 0, 0, 0, 0, 0, 1, 0, 0, 0)
G#dim9    (0.72, 0, 0, 0, 1, 0, 0, 0, 0, 0, 1, 0, 0, 0)
G#M9sus2  (0.72, 1, 0, 0, 0, 1, 0, 0, 0, 0, 1, 0, 0, 0)
G#M9sus4  (0.72, 1, 0, 0, 0, 0, 1, 0, 0, 0, 1, 0, 0, 0)
G#9sus2   (0.72, 0, 0, 0, 0, 1, 0, 0, 0, 0, 1, 0, 0, 0)
G#9sus4   (0.72, 0, 0, 0, 0, 0, 1, 0, 0, 0, 1, 0, 0, 0)
G#M11     (0.72, 1, 0, 0, 0, 0, 0, 0, 0, 0, 0, 1, 0, 0)
G#m11     (0.72, 0, 1, 0, 0, 0, 0, 0, 0, 0, 0, 1, 0, 0)
G#11      (0.72, 0, 0, 0, 0, 0, 0, 0, 0, 0, 0, 1, 0, 0)
G#aug11   (0.72, 0, 0, 1, 0, 0, 0, 0, 0, 0, 0, 1, 0, 0)
G#M11sus2 (0.72, 1, 0, 0, 0, 1, 0, 0, 0, 0, 0, 1, 0, 0)
G#11sus2  (0.72, 0, 0, 0, 0, 1, 0, 0, 0, 0, 0, 1, 0, 0)
G#mM7     (0.72, 0, 1, 0, 0, 0, 0, 0, 0, 0, 0, 0, 1, 0)
G#mM7(9)  (0.72, 0, 1, 0, 0, 0, 0, 0, 0, 0, 0, 0, 1, 1)
G#M6      (0.72, 1, 0, 0, 0, 0, 0, 0, 1, 0, 0, 0, 0, 0)
G#m6      (0.72, 0, 1, 0, 0, 0, 0, 0, 1, 0, 0, 0, 0, 0)
G#M6(9)   (0.72, 1, 0, 0, 0, 0, 0, 0, 1, 0, 0, 0, 0, 1)
G#m6(9)   (0.72, 0, 1, 0, 0, 0, 0, 0, 1, 0, 0, 0, 0, 1)
Amaj      (0.8, 1, 0, 0, 0, 0, 0, 0, 0, 0, 0, 0, 0, 0)
Amin      (0.8, 0, 1, 0, 0, 0, 0, 0, 0, 0, 0, 0, 0, 0)
Aaug      (0.8, 0, 0, 1, 0, 0, 0, 0, 0, 0, 0, 0, 0, 0)
Adim      (0.8, 0, 0, 0, 1, 0, 0, 0, 0, 0, 0, 0, 0, 0)
Asus2     (0.8, 0, 0, 0, 0, 1, 0, 0, 0, 0, 0, 0, 0, 0)
Asus4     (0.8, 0, 0, 0, 0, 0, 1, 0, 0, 0, 0, 0, 0, 0)
AM7       (0.8, 1, 0, 0, 0, 0, 0, 0, 0, 1, 0, 0, 0, 0)
Am7       (0.8, 0, 1, 0, 0, 0, 0, 0, 0, 1, 0, 0, 0, 0)
A7        (0.8, 0, 0, 0, 0, 0, 0, 0, 0, 1, 0, 0, 0, 0)
Aaug7     (0.8, 0, 0, 1, 0, 0, 0, 0, 0, 1, 0, 0, 0, 0)
Adim7     (0.8, 0, 0, 0, 1, 0, 0, 0, 0, 1, 0, 0, 0, 0)
Ao7       (0.8, 0, 1, 0, 0, 0, 0, 1, 0, 1, 0, 0, 0, 0)
AM7sus2   (0.8, 1, 0, 0, 0, 1, 0, 0, 0, 1, 0, 0, 0, 0)
AM7sus4   (0.8, 1, 0, 0, 0, 0, 1, 0, 0, 1, 0, 0, 0, 0)
A7sus2    (0.8, 0, 0, 0, 0, 1, 0, 0, 0, 1, 0, 0, 0, 0)
A7sus4    (0.8, 0, 0, 0, 0, 0, 1, 0, 0, 1, 0, 0, 0, 0)
AM9       (0.8, 1, 0, 0, 0, 0, 0, 0, 0, 0, 1, 0, 0, 0)
Am9       (0.8, 0, 1, 0, 0, 0, 0, 0, 0, 0, 1, 0, 0, 0)
A9        (0.8, 0, 0, 0, 0, 0, 0, 0, 0, 0, 1, 0, 0, 0)
Aaug9     (0.8, 0, 0, 1, 0, 0, 0, 0, 0, 0, 1, 0, 0, 0)
Adim9     (0.8, 0, 0, 0, 1, 0, 0, 0, 0, 0, 1, 0, 0, 0)
AM9sus2   (0.8, 1, 0, 0, 0, 1, 0, 0, 0, 0, 1, 0, 0, 0)
AM9sus4   (0.8, 1, 0, 0, 0, 0, 1, 0, 0, 0, 1, 0, 0, 0)
A9sus2    (0.8, 0, 0, 0, 0, 1, 0, 0, 0, 0, 1, 0, 0, 0)
A9sus4    (0.8, 0, 0, 0, 0, 0, 1, 0, 0, 0, 1, 0, 0, 0)
AM11      (0.8, 1, 0, 0, 0, 0, 0, 0, 0, 0, 0, 1, 0, 0)
Am11      (0.8, 0, 1, 0, 0, 0, 0, 0, 0, 0, 0, 1, 0, 0)
A11       (0.8, 0, 0, 0, 0, 0, 0, 0, 0, 0, 0, 1, 0, 0)
Aaug11    (0.8, 0, 0, 1, 0, 0, 0, 0, 0, 0, 0, 1, 0, 0)
AM11sus2  (0.8, 1, 0, 0, 0, 1, 0, 0, 0, 0, 0, 1, 0, 0)
A11sus2   (0.8, 0, 0, 0, 0, 1, 0, 0, 0, 0, 0, 1, 0, 0)
AmM7      (0.8, 0, 1, 0, 0, 0, 0, 0, 0, 0, 0, 0, 1, 0)
AmM7(9)   (0.8, 0, 1, 0, 0, 0, 0, 0, 0, 0, 0, 0, 1, 1)
AM6       (0.8, 1, 0, 0, 0, 0, 0, 0, 1, 0, 0, 0, 0, 0)
Am6       (0.8, 0, 1, 0, 0, 0, 0, 0, 1, 0, 0, 0, 0, 0)
AM6(9)    (0.8, 1, 0, 0, 0, 0, 0, 0, 1, 0, 0, 0, 0, 1)
Am6(9)    (0.8, 0, 1, 0, 0, 0, 0, 0, 1, 0, 0, 0, 0, 1)
A#maj     (0.88, 1, 0, 0, 0, 0, 0, 0, 0, 0, 0, 0, 0, 0)
A#min     (0.88, 0, 1, 0, 0, 0, 0, 0, 0, 0, 0, 0, 0, 0)
A#aug     (0.88, 0, 0, 1, 0, 0, 0, 0, 0, 0, 0, 0, 0, 0)
A#dim     (0.88, 0, 0, 0, 1, 0, 0, 0, 0, 0, 0, 0, 0, 0)
A#sus2    (0.88, 0, 0, 0, 0, 1, 0, 0, 0, 0, 0, 0, 0, 0)
A#sus4    (0.88, 0, 0, 0, 0, 0, 1, 0, 0, 0, 0, 0, 0, 0)
A#M7      (0.88, 1, 0, 0, 0, 0, 0, 0, 0, 1, 0, 0, 0, 0)
A#m7      (0.88, 0, 1, 0, 0, 0, 0, 0, 0, 1, 0, 0, 0, 0)
A#7       (0.88, 0, 0, 0, 0, 0, 0, 0, 0, 1, 0, 0, 0, 0)
A#aug7    (0.88, 0, 0, 1, 0, 0, 0, 0, 0, 1, 0, 0, 0, 0)
A#dim7    (0.88, 0, 0, 0, 1, 0, 0, 0, 0, 1, 0, 0, 0, 0)
A#o7      (0.88, 0, 1, 0, 0, 0, 0, 1, 0, 1, 0, 0, 0, 0)
A#M7sus2  (0.88, 1, 0, 0, 0, 1, 0, 0, 0, 1, 0, 0, 0, 0)
A#M7sus4  (0.88, 1, 0, 0, 0, 0, 1, 0, 0, 1, 0, 0, 0, 0)
A#7sus2   (0.88, 0, 0, 0, 0, 1, 0, 0, 0, 1, 0, 0, 0, 0)
A#7sus4   (0.88, 0, 0, 0, 0, 0, 1, 0, 0, 1, 0, 0, 0, 0)
A#M9      (0.88, 1, 0, 0, 0, 0, 0, 0, 0, 0, 1, 0, 0, 0)
A#m9      (0.88, 0, 1, 0, 0, 0, 0, 0, 0, 0, 1, 0, 0, 0)
A#9       (0.88, 0, 0, 0, 0, 0, 0, 0, 0, 0, 1, 0, 0, 0)
A#aug9    (0.88, 0, 0, 1, 0, 0, 0, 0, 0, 0, 1, 0, 0, 0)
A#dim9    (0.88, 0, 0, 0, 1, 0, 0, 0, 0, 0, 1, 0, 0, 0)
A#M9sus2  (0.88, 1, 0, 0, 0, 1, 0, 0, 0, 0, 1, 0, 0, 0)
A#M9sus4  (0.88, 1, 0, 0, 0, 0, 1, 0, 0, 0, 1, 0, 0, 0)
A#9sus2   (0.88, 0, 0, 0, 0, 1, 0, 0, 0, 0, 1, 0, 0, 0)
A#9sus4   (0.88, 0, 0, 0, 0, 0, 1, 0, 0, 0, 1, 0, 0, 0)
A#M11     (0.88, 1, 0, 0, 0, 0, 0, 0, 0, 0, 0, 1, 0, 0)
A#m11     (0.88, 0, 1, 0, 0, 0, 0, 0, 0, 0, 0, 1, 0, 0)
A#11      (0.88, 0, 0, 0, 0, 0, 0, 0, 0, 0, 0, 1, 0, 0)
A#aug11   (0.88, 0, 0, 1, 0, 0, 0, 0, 0, 0, 0, 1, 0, 0)
A#M11sus2 (0.88, 1, 0, 0, 0, 1, 0, 0, 0, 0, 0, 1, 0, 0)
A#11sus2  (0.88, 0, 0, 0, 0, 1, 0, 0, 0, 0, 0, 1, 0, 0)
A#mM7     (0.88, 0, 1, 0, 0, 0, 0, 0, 0, 0, 0, 0, 1, 0)
A#mM7(9)  (0.88, 0, 1, 0, 0, 0, 0, 0, 0, 0, 0, 0, 1, 1)
A#M6      (0.88, 1, 0, 0, 0, 0, 0, 0, 1, 0, 0, 0, 0, 0)
A#m6      (0.88, 0, 1, 0, 0, 0, 0, 0, 1, 0, 0, 0, 0, 0)
A#M6(9)   (0.88, 1, 0, 0, 0, 0, 0, 0, 1, 0, 0, 0, 0, 1)
A#m6(9)   (0.88, 0, 1, 0, 0, 0, 0, 0, 1, 0, 0, 0, 0, 1)
Bmaj      (0.96, 1, 0, 0, 0, 0, 0, 0, 0, 0, 0, 0, 0, 0)
Bmin      (0.96, 0, 1, 0, 0, 0, 0, 0, 0, 0, 0, 0, 0, 0)
Baug      (0.96, 0, 0, 1, 0, 0, 0, 0, 0, 0, 0, 0, 0, 0)
Bdim      (0.96, 0, 0, 0, 1, 0, 0, 0, 0, 0, 0, 0, 0, 0)
Bsus2     (0.96, 0, 0, 0, 0, 1, 0, 0, 0, 0, 0, 0, 0, 0)
Bsus4     (0.96, 0, 0, 0, 0, 0, 1, 0, 0, 0, 0, 0, 0, 0)
BM7       (0.96, 1, 0, 0, 0, 0, 0, 0, 0, 1, 0, 0, 0, 0)
Bm7       (0.96, 0, 1, 0, 0, 0, 0, 0, 0, 1, 0, 0, 0, 0)
B7        (0.96, 0, 0, 0, 0, 0, 0, 0, 0, 1, 0, 0, 0, 0)
Baug7     (0.96, 0, 0, 1, 0, 0, 0, 0, 0, 1, 0, 0, 0, 0)
Bdim7     (0.96, 0, 0, 0, 1, 0, 0, 0, 0, 1, 0, 0, 0, 0)
Bo7       (0.96, 0, 1, 0, 0, 0, 0, 1, 0, 1, 0, 0, 0, 0)
BM7sus2   (0.96, 1, 0, 0, 0, 1, 0, 0, 0, 1, 0, 0, 0, 0)
BM7sus4   (0.96, 1, 0, 0, 0, 0, 1, 0, 0, 1, 0, 0, 0, 0)
B7sus2    (0.96, 0, 0, 0, 0, 1, 0, 0, 0, 1, 0, 0, 0, 0)
B7sus4    (0.96, 0, 0, 0, 0, 0, 1, 0, 0, 1, 0, 0, 0, 0)
BM9       (0.96, 1, 0, 0, 0, 0, 0, 0, 0, 0, 1, 0, 0, 0)
Bm9       (0.96, 0, 1, 0, 0, 0, 0, 0, 0, 0, 1, 0, 0, 0)
B9        (0.96, 0, 0, 0, 0, 0, 0, 0, 0, 0, 1, 0, 0, 0)
Baug9     (0.96, 0, 0, 1, 0, 0, 0, 0, 0, 0, 1, 0, 0, 0)
Bdim9     (0.96, 0, 0, 0, 1, 0, 0, 0, 0, 0, 1, 0, 0, 0)
BM9sus2   (0.96, 1, 0, 0, 0, 1, 0, 0, 0, 0, 1, 0, 0, 0)
BM9sus4   (0.96, 1, 0, 0, 0, 0, 1, 0, 0, 0, 1, 0, 0, 0)
B9sus2    (0.96, 0, 0, 0, 0, 1, 0, 0, 0, 0, 1, 0, 0, 0)
B9sus4    (0.96, 0, 0, 0, 0, 0, 1, 0, 0, 0, 1, 0, 0, 0)
BM11      (0.96, 1, 0, 0, 0, 0, 0, 0, 0, 0, 0, 1, 0, 0)
Bm11      (0.96, 0, 1, 0, 0, 0, 0, 0, 0, 0, 0, 1, 0, 0)
B11       (0.96, 0, 0, 0, 0, 0, 0, 0, 0, 0, 0, 1, 0, 0)
Baug11    (0.96, 0, 0, 1, 0, 0, 0, 0, 0, 0, 0, 1, 0, 0)
BM11sus2  (0.96, 1, 0, 0, 0, 1, 0, 0, 0, 0, 0, 1, 0, 0)
B11sus2   (0.96, 0, 0, 0, 0, 1, 0, 0, 0, 0, 0, 1, 0, 0)
BmM7      (0.96, 0, 1, 0, 0, 0, 0, 0, 0, 0, 0, 0, 1, 0)
BmM7(9)   (0.96, 0, 1, 0, 0, 0, 0, 0, 0, 0, 0, 0, 1, 1)
BM6       (0.96, 1, 0, 0, 0, 0, 0, 0, 1, 0, 0, 0, 0, 0)
Bm6       (0.96, 0, 1, 0, 0, 0, 0, 0, 1, 0, 0, 0, 0, 0)
BM6(9)    (0.96, 1, 0, 0, 0, 0, 0, 0, 1, 0, 0, 0, 0, 1)
Bm6(9)    (0.96, 0, 1, 0, 0, 0, 0, 0, 1, 0, 0, 0, 0, 1)
